0 0.639423 0.847656 0.466347 0.304688
0 0.582692 0.498798 0.334134 0.122597
0 0.127764 0.793389 0.096153 0.096153
0 0.634014 0.397116 0.127403 0.050481
0 0.390625 0.437980 0.093750 0.038461
0 0.386899 0.393750 0.076923 0.031250
0 0.341947 0.362500 0.074519 0.031250
0 0.304087 0.402284 0.045673 0.026442
0 0.533534 0.373678 0.120192 0.050481
0 0.642548 0.325721 0.091347 0.026442
0 0.545192 0.326442 0.052884 0.021634
0 0.459736 0.339784 0.060097 0.026442
0 0.578726 0.298798 0.079327 0.028847
0 0.536058 0.279567 0.072116 0.021634
0 0.591346 0.236538 0.057692 0.016827
0 0.646514 0.229087 0.033653 0.014423
0 0.534495 0.257933 0.040866 0.009616
0 0.523558 0.248197 0.040866 0.012019