0 0.308534 0.852764 0.401442 0.252403
0 0.665745 0.633895 0.259616 0.180289
0 0.917909 0.791105 0.120192 0.100961
0 0.315745 0.414183 0.415866 0.197116
0 0.631730 0.376923 0.225961 0.091347
0 0.887741 0.472596 0.112981 0.088942
0 0.977344 0.557933 0.045312 0.072116
0 0.503486 0.288341 0.185097 0.067308
0 0.237020 0.221875 0.180289 0.062500
0 0.275962 0.279687 0.076923 0.031250
0 0.341947 0.344230 0.074519 0.038461
0 0.428486 0.216105 0.091347 0.038461
0 0.496995 0.185817 0.072116 0.021634
0 0.806009 0.973317 0.262019 0.052884
0 0.365866 0.156851 0.237981 0.048077
0 0.654207 0.204447 0.149039 0.043269
0 0.703486 0.300000 0.060097 0.031250
0 0.613582 0.117308 0.117789 0.040866
0 0.719111 0.152524 0.091347 0.045673
0 0.757212 0.093029 0.139423 0.067308
0 0.019230 0.670192 0.038461 0.084134
0 0.040625 0.405529 0.062500 0.036058