0 0.199271 0.833482 0.026667 0.035714
0 0.303021 0.529092 0.046667 0.023809
0 0.308229 0.425819 0.063333 0.029762
0 0.233125 0.452232 0.060000 0.035714
0 0.726875 0.978646 0.060000 0.041667
0 0.806146 0.901786 0.046667 0.053572
0 0.462084 0.729613 0.036667 0.065477
0 0.604791 0.657738 0.103333 0.065477
0 0.780312 0.800521 0.120000 0.041667
0 0.073750 0.550298 0.060000 0.113095
0 0.582709 0.518229 0.146667 0.083333
0 0.259271 0.663393 0.246667 0.089286
0 0.176041 0.829613 0.133333 0.065477
0 0.454896 0.732291 0.156667 0.083333